0.375891 -1.44867e-16 0.174009 0.0799009 -0.0222052 0.117379 -0.0917405 0.061745 -0.0683935 -0.0116017 -0.0222224 -0.0457438 0.00479966 -0.0379646 0.00653755 -0.00924848 9.95962e-17 0.0212776 -0.00653755 -0.00924848 -0.00479966 -0.0379646 0.0222224 -0.0457438 0.0683935 -0.0116017 0.0917405 0.061745 0.0222052 0.117379 -0.174009 0.0799009 
0.174009 0.0799009 0.27631 0.00252091 0.188525 0.0370063 0.0322552 0.0839041 -0.0536147 0.0625616 -0.0591741 0.00854735 -0.0304889 -0.0262486 -0.00459806 -0.0277951 0.00653755 -0.00924848 2.30833e-17 -0.0244027 0.00790446 -0.0258305 0.027525 -0.00764296 0.0379675 0.0298829 0.009023 0.0668857 -0.0743373 0.0640919 -0.172762 7.10254e-17 
-0.0222052 0.117379 0.188525 0.0370063 0.330771 -0.0309535 0.226651 0.0378229 0.0414747 0.104053 -0.0618811 0.0820568 -0.0685718 0.0187169 -0.0304889 -0.0262486 0.00479966 -0.0379646 -0.00790446 -0.0258305 3.52528e-18 -0.00425226 0.01104 0.0197178 0.00421493 0.0382723 -0.0294296 0.0365767 -0.0721857 -9.87078e-17 -0.0743373 -0.0640919 
-0.0917405 0.061745 0.0322552 0.0839041 0.226651 0.0378229 0.33999 -0.0108044 0.218385 0.0573181 0.0320769 0.114223 -0.0618811 0.0820568 -0.0591741 0.00854735 -0.0222224 -0.0457438 -0.027525 -0.00764296 -0.01104 0.0197178 2.41812e-17 0.0303118 -0.00745994 0.0238553 -0.0256623 7.32762e-18 -0.0294296 -0.0365767 0.009023 -0.0668857 
-0.0683935 -0.0116017 -0.0536147 0.0625616 0.0414747 0.104053 0.218385 0.0573181 0.330593 -0.000634926 0.218385 0.0573181 0.0414747 0.104053 -0.0536147 0.0625616 -0.0683935 -0.0116017 -0.0379675 0.0298829 -0.00421493 0.0382723 0.00745994 0.0238553 -8.5104e-18 1.74451e-18 -0.00745994 -0.0238553 0.00421493 -0.0382723 0.0379675 -0.0298829 
-0.0222224 -0.0457438 -0.0591741 0.00854735 -0.0618811 0.0820568 0.0320769 0.114223 0.218385 0.0573181 0.33999 -0.0108044 0.226651 0.0378229 0.0322552 0.0839041 -0.0917405 0.061745 -0.009023 0.0668857 0.0294296 0.0365767 0.0256623 8.82179e-17 0.00745994 -0.0238553 2.20545e-17 -0.0303118 0.01104 -0.0197178 0.027525 0.00764296 
0.00479966 -0.0379646 -0.0304889 -0.0262486 -0.0685718 0.0187169 -0.0618811 0.0820568 0.0414747 0.104053 0.226651 0.0378229 0.330771 -0.0309535 0.188525 0.0370063 -0.0222052 0.117379 0.0743373 0.0640919 0.0721857 2.09495e-16 0.0294296 -0.0365767 -0.00421493 -0.0382723 -0.01104 -0.0197178 -9.54731e-18 0.00425226 0.00790446 0.0258305 
0.00653755 -0.00924848 -0.00459806 -0.0277951 -0.0304889 -0.0262486 -0.0591741 0.00854735 -0.0536147 0.0625616 0.0322552 0.0839041 0.188525 0.0370063 0.27631 0.00252091 0.174009 0.0799009 0.172762 8.21316e-18 0.0743373 -0.0640919 -0.009023 -0.0668857 -0.0379675 -0.0298829 -0.027525 0.00764296 -0.00790446 0.0258305 -3.44596e-17 0.0244027 
4.30314e-17 0.0212776 0.00653755 -0.00924848 0.00479966 -0.0379646 -0.0222224 -0.0457438 -0.0683935 -0.0116017 -0.0917405 0.061745 -0.0222052 0.117379 0.174009 0.0799009 0.375891 0 0.174009 -0.0799009 -0.0222052 -0.117379 -0.0917405 -0.061745 -0.0683935 0.0116017 -0.0222224 0.0457438 0.00479966 0.0379646 0.00653755 0.00924848 
-0.00653755 -0.00924848 4.00476e-18 -0.0244027 -0.00790446 -0.0258305 -0.027525 -0.00764296 -0.0379675 0.0298829 -0.009023 0.0668857 0.0743373 0.0640919 0.172762 9.85787e-17 0.174009 -0.0799009 0.27631 -0.00252091 0.188525 -0.0370063 0.0322552 -0.0839041 -0.0536147 -0.0625616 -0.0591741 -0.00854735 -0.0304889 0.0262486 -0.00459806 0.0277951 
-0.00479966 -0.0379646 0.00790446 -0.0258305 1.02006e-17 -0.00425226 -0.01104 0.0197178 -0.00421493 0.0382723 0.0294296 0.0365767 0.0721857 1.48373e-16 0.0743373 -0.0640919 -0.0222052 -0.117379 0.188525 -0.0370063 0.330771 0.0309535 0.226651 -0.0378229 0.0414747 -0.104053 -0.0618811 -0.0820568 -0.0685718 -0.0187169 -0.0304889 0.0262486 
0.0222224 -0.0457438 0.027525 -0.00764296 0.01104 0.0197178 -3.4963e-17 0.0303118 0.00745994 0.0238553 0.0256623 8.67833e-17 0.0294296 -0.0365767 -0.009023 -0.0668857 -0.0917405 -0.061745 0.0322552 -0.0839041 0.226651 -0.0378229 0.33999 0.0108044 0.218385 -0.0573181 0.0320769 -0.114223 -0.0618811 -0.0820568 -0.0591741 -0.00854735 
0.0683935 -0.0116017 0.0379675 0.0298829 0.00421493 0.0382723 -0.00745994 0.0238553 -7.72721e-17 3.07925e-17 0.00745994 -0.0238553 -0.00421493 -0.0382723 -0.0379675 -0.0298829 -0.0683935 0.0116017 -0.0536147 -0.0625616 0.0414747 -0.104053 0.218385 -0.0573181 0.330593 0.000634926 0.218385 -0.0573181 0.0414747 -0.104053 -0.0536147 -0.0625616 
0.0917405 0.061745 0.009023 0.0668857 -0.0294296 0.0365767 -0.0256623 3.6675e-17 -0.00745994 -0.0238553 -5.85454e-17 -0.0303118 -0.01104 -0.0197178 -0.027525 0.00764296 -0.0222224 0.0457438 -0.0591741 -0.00854735 -0.0618811 -0.0820568 0.0320769 -0.114223 0.218385 -0.0573181 0.33999 0.0108044 0.226651 -0.0378229 0.0322552 -0.0839041 
0.0222052 0.117379 -0.0743373 0.0640919 -0.0721857 6.93336e-17 -0.0294296 -0.0365767 0.00421493 -0.0382723 0.01104 -0.0197178 2.52263e-17 0.00425226 -0.00790446 0.0258305 0.00479966 0.0379646 -0.0304889 0.0262486 -0.0685718 -0.0187169 -0.0618811 -0.0820568 0.0414747 -0.104053 0.226651 -0.0378229 0.330771 0.0309535 0.188525 -0.0370063 
-0.174009 0.0799009 -0.172762 9.06523e-17 -0.0743373 -0.0640919 0.009023 -0.0668857 0.0379675 -0.0298829 0.027525 0.00764296 0.00790446 0.0258305 -2.7329e-17 0.0244027 0.00653755 0.00924848 -0.00459806 0.0277951 -0.0304889 0.0262486 -0.0591741 -0.00854735 -0.0536147 -0.0625616 0.0322552 -0.0839041 0.188525 -0.0370063 0.27631 -0.00252091 
