28897,1.34654,0,2.68822,0,0.2,1.5,0.5
36.9373,66.3668,-83.3603,-82.2988,60.1615,57.6841,-24.3714,-25.8376,9.24966,9.88463,-2.99107,-0.200009,-4.13281,0.620707,-2.75945,4.50394,-8.98893,4.59968,3.69242,-6.87554,-3.28466,1.62173,-7.44309,7.64002,19.8278,-18.1635,-35.7694,37.0738,51.2803,-55.6842,-60.3848,34.2297,99701,-521.629,45.1579,1.23649e-14
36.9275,66.2973,-83.4991,-82.4282,60.3057,57.779,-24.3597,-25.9443,9.21873,9.69395,-2.71419,-0.081068,-3.98269,0.652577,-2.78468,4.40367,-8.89008,4.57912,3.57433,-6.70466,-3.17496,1.53436,-7.31355,7.48613,19.9205,-18.312,-35.9197,37.1821,50.8499,-55.2389,-59.9996,33.9219,99523.4,-518.817,45.1579,1.23649e-14
36.9275,66.2973,-83.4991,-82.4282,60.3057,57.779,-24.3597,-25.9443,9.21873,9.69395,-2.71419,-0.081068,-3.98269,0.652577,-2.78468,4.40367,-8.89008,4.57912,3.57433,-6.70466,-3.17496,1.53436,-7.31355,7.48613,19.9205,-18.312,-35.9197,37.1821,50.8499,-55.2389,-59.9996,33.9219,99523.4,-518.817,45.1579,1.23649e-14
36.9275,66.2973,-83.4991,-82.4282,60.3057,57.779,-24.3597,-25.9443,9.21873,9.69395,-2.71419,-0.081068,-3.98269,0.652577,-2.78468,4.40367,-8.89008,4.57912,3.57433,-6.70466,-3.17496,1.53436,-7.31355,7.48613,19.9205,-18.312,-35.9197,37.1821,50.8499,-55.2389,-59.9996,33.9219,99523.4,-518.817,45.1579,1.23649e-14
36.9275,66.2973,-83.4991,-82.4282,60.3057,57.779,-24.3597,-25.9443,9.21873,9.69395,-2.71419,-0.081068,-3.98269,0.652577,-2.78468,4.40367,-8.89008,4.57912,3.57433,-6.70466,-3.17496,1.53436,-7.31355,7.48613,19.9205,-18.312,-35.9197,37.1821,50.8499,-55.2389,-59.9996,33.9219,99523.4,-518.817,45.1579,1.23649e-14
37.1518,66.2586,-83.4845,-82.5473,60.3905,57.7654,-24.3311,-26.0054,9.27315,9.66413,-2.75275,-0.188914,-3.8454,0.747207,-2.65592,4.51683,-8.96594,4.49885,3.54624,-6.71184,-3.12529,1.5202,-7.36194,7.61771,19.8641,-18.156,-35.5747,36.9115,50.7238,-55.1003,-59.819,33.6696,99299.7,-512.028,45.1579,1.23649e-14
37.1518,66.2586,-83.4845,-82.5473,60.3905,57.7654,-24.3311,-26.0054,9.27315,9.66413,-2.75275,-0.188914,-3.8454,0.747207,-2.65592,4.51683,-8.96594,4.49885,3.54624,-6.71184,-3.12529,1.5202,-7.36194,7.61771,19.8641,-18.156,-35.5747,36.9115,50.7238,-55.1003,-59.819,33.6696,99299.7,-512.028,45.1579,1.23649e-14
36.9955,66.2302,-83.7298,-82.7191,60.435,57.7631,-24.1463,-25.9734,9.31082,9.49034,-2.52711,-0.174837,-3.66907,0.765889,-2.64168,4.46839,-8.95072,4.57487,3.64793,-6.71932,-3.01083,1.48532,-7.30381,7.60946,19.9703,-18.2242,-35.4805,36.8885,50.3544,-54.5872,-59.5299,33.59,99078.8,-513.876,45.1579,1.23649e-14
36.9955,66.2302,-83.7298,-82.7191,60.435,57.7631,-24.1463,-25.9734,9.31082,9.49034,-2.52711,-0.174837,-3.66907,0.765889,-2.64168,4.46839,-8.95072,4.57487,3.64793,-6.71932,-3.01083,1.48532,-7.30381,7.60946,19.9703,-18.2242,-35.4805,36.8885,50.3544,-54.5872,-59.5299,33.59,99078.8,-513.876,45.1579,1.23649e-14
37.013,66.2723,-83.7816,-82.7364,60.3754,57.7164,-24.1639,-26.004,9.29964,9.45373,-2.45162,-0.116412,-3.4995,0.94194,-2.86189,4.28463,-8.97185,4.6387,3.67051,-6.77974,-3.07432,1.50556,-7.34257,7.61932,19.9732,-18.2361,-35.4302,36.8468,50.2559,-54.4741,-59.4585,33.5152,98985.1,-514.498,45.1579,1.23649e-14
175.592,-56.2513,-68.733,-119.099,71.9132,59.0356,-25.8022,-29.5329,10.3282,10.1486,-2.65814,-0.389121,-3.51071,0.966273,-3.04312,4.56888,-10.5944,6.2704,11.3167,-14.3884,-28.2085,26.6786,63.3543,-63.0718,-146.287,147.904,279.362,-278.464,-400.772,394.835,357.004,-388.217,2.17322e+06,7256.58,45.1579,1.23649e-14
175.558,-56.244,-68.7228,-119.054,71.9606,59.1436,-25.8663,-29.5232,10.1771,10.0596,-2.66747,-0.370097,-3.5314,0.927283,-2.94099,4.59629,-10.517,6.19315,11.3179,-14.3546,-28.2076,26.7267,63.3129,-62.9748,-146.16,147.829,279.339,-278.407,-400.649,394.724,356.918,-388.13,2.17209e+06,7250.83,45.1579,1.23649e-14
175.473,-56.1741,-68.8016,-119.049,71.9052,59.1395,-25.872,-29.4973,10.2152,10.118,-2.72935,-0.41334,-3.57687,0.910939,-2.89673,4.69173,-10.5566,6.22035,11.2713,-14.2827,-28.1064,26.6554,63.3653,-63.0082,-146.144,147.82,279.327,-278.388,-400.685,394.779,356.851,-388.034,2.17183e+06,7247.73,45.1579,1.23649e-14
175.524,-56.1596,-68.8341,-119.06,71.7065,58.9287,-25.8377,-29.5277,10.3787,10.1852,-2.63642,-0.411167,-3.54644,0.888959,-2.81044,4.78581,-10.669,6.2091,11.3098,-14.3829,-28.1393,26.6503,63.3321,-62.9912,-146.064,147.754,279.183,-278.2,-400.663,394.812,357.036,-388.197,2.17173e+06,7256.01,45.1579,1.23649e-14
175.381,-56.178,-68.7867,-118.997,71.7818,58.9795,-25.8061,-29.5414,10.2942,10.0414,-2.54214,-0.382997,-3.46576,0.907992,-2.77969,4.7744,-10.6764,6.20229,11.3503,-14.4423,-28.1576,26.6243,63.3046,-63.0368,-146.086,147.688,279.019,-278.111,-400.581,394.696,356.873,-387.994,2.17017e+06,7243.87,45.1579,1.23649e-14
175.274,-56.1095,-68.8825,-118.969,71.6487,58.929,-25.817,-29.5042,10.2922,10.0685,-2.52132,-0.333723,-3.43503,0.983137,-2.92556,4.71068,-10.7649,6.28069,11.3423,-14.5194,-28.1728,26.5122,63.2523,-63.1275,-146.164,147.644,278.769,-277.929,-400.544,394.659,356.86,-387.938,2.16912e+06,7241.5,45.1579,1.23649e-14
175.274,-56.1095,-68.8825,-118.969,71.6487,58.929,-25.817,-29.5042,10.2922,10.0685,-2.52132,-0.333723,-3.43503,0.983137,-2.92556,4.71068,-10.7649,6.28069,11.3423,-14.5194,-28.1728,26.5122,63.2523,-63.1275,-146.164,147.644,278.769,-277.929,-400.544,394.659,356.86,-387.938,2.16912e+06,7241.5,45.1579,1.23649e-14
175.274,-56.1095,-68.8825,-118.969,71.6487,58.929,-25.817,-29.5042,10.2922,10.0685,-2.52132,-0.333723,-3.43503,0.983137,-2.92556,4.71068,-10.7649,6.28069,11.3423,-14.5194,-28.1728,26.5122,63.2523,-63.1275,-146.164,147.644,278.769,-277.929,-400.544,394.659,356.86,-387.938,2.16912e+06,7241.5,45.1579,1.23649e-14
175.274,-56.1095,-68.8825,-118.969,71.6487,58.929,-25.817,-29.5042,10.2922,10.0685,-2.52132,-0.333723,-3.43503,0.983137,-2.92556,4.71068,-10.7649,6.28069,11.3423,-14.5194,-28.1728,26.5122,63.2523,-63.1275,-146.164,147.644,278.769,-277.929,-400.544,394.659,356.86,-387.938,2.16912e+06,7241.5,45.1579,1.23649e-14
175.274,-56.1095,-68.8825,-118.969,71.6487,58.929,-25.817,-29.5042,10.2922,10.0685,-2.52132,-0.333723,-3.43503,0.983137,-2.92556,4.71068,-10.7649,6.28069,11.3423,-14.5194,-28.1728,26.5122,63.2523,-63.1275,-146.164,147.644,278.769,-277.929,-400.544,394.659,356.86,-387.938,2.16912e+06,7241.5,45.1579,1.23649e-14
175.274,-56.1095,-68.8825,-118.969,71.6487,58.929,-25.817,-29.5042,10.2922,10.0685,-2.52132,-0.333723,-3.43503,0.983137,-2.92556,4.71068,-10.7649,6.28069,11.3423,-14.5194,-28.1728,26.5122,63.2523,-63.1275,-146.164,147.644,278.769,-277.929,-400.544,394.659,356.86,-387.938,2.16912e+06,7241.5,45.1579,1.23649e-14
175.217,-56.1844,-68.7844,-118.958,71.7292,58.9164,-25.6863,-29.4551,10.2401,9.94989,-2.45354,-0.32148,-3.40343,0.961769,-2.92229,4.64966,-10.6692,6.27832,11.4026,-14.4839,-28.205,26.6597,63.3536,-63.1051,-146.042,147.632,278.79,-277.87,-400.307,394.473,356.708,-387.73,2.16747e+06,7234.34,45.1579,1.23649e-14
175.202,-56.2132,-68.6792,-118.875,71.6523,58.8524,-25.6726,-29.3928,10.2298,10.0123,-2.55534,-0.344769,-3.47459,0.952822,-2.90666,4.68755,-10.6731,6.23219,11.3613,-14.4645,-28.2498,26.7194,63.3474,-63.0421,-146.009,147.681,278.805,-277.809,-399.987,394.196,356.573,-387.58,2.1656e+06,7228.89,45.1579,1.23649e-14
175.202,-56.2132,-68.6792,-118.875,71.6523,58.8524,-25.6726,-29.3928,10.2298,10.0123,-2.55534,-0.344769,-3.47459,0.952822,-2.90666,4.68755,-10.6731,6.23219,11.3613,-14.4645,-28.2498,26.7194,63.3474,-63.0421,-146.009,147.681,278.805,-277.809,-399.987,394.196,356.573,-387.58,2.1656e+06,7228.89,45.1579,1.23649e-14
175.202,-56.2132,-68.6792,-118.875,71.6523,58.8524,-25.6726,-29.3928,10.2298,10.0123,-2.55534,-0.344769,-3.47459,0.952822,-2.90666,4.68755,-10.6731,6.23219,11.3613,-14.4645,-28.2498,26.7194,63.3474,-63.0421,-146.009,147.681,278.805,-277.809,-399.987,394.196,356.573,-387.58,2.1656e+06,7228.89,45.1579,1.23649e-14
175.202,-56.2132,-68.6792,-118.875,71.6523,58.8524,-25.6726,-29.3928,10.2298,10.0123,-2.55534,-0.344769,-3.47459,0.952822,-2.90666,4.68755,-10.6731,6.23219,11.3613,-14.4645,-28.2498,26.7194,63.3474,-63.0421,-146.009,147.681,278.805,-277.809,-399.987,394.196,356.573,-387.58,2.1656e+06,7228.89,45.1579,1.23649e-14
175.202,-56.2132,-68.6792,-118.875,71.6523,58.8524,-25.6726,-29.3928,10.2298,10.0123,-2.55534,-0.344769,-3.47459,0.952822,-2.90666,4.68755,-10.6731,6.23219,11.3613,-14.4645,-28.2498,26.7194,63.3474,-63.0421,-146.009,147.681,278.805,-277.809,-399.987,394.196,356.573,-387.58,2.1656e+06,7228.89,45.1579,1.23649e-14
175.182,-56.2027,-68.6895,-118.891,71.6802,58.859,-25.6544,-29.4029,10.2248,9.98126,-2.55869,-0.359293,-3.41352,1.02907,-2.91101,4.73006,-10.7461,6.23487,11.323,-14.4614,-28.2304,26.686,63.3452,-63.0415,-145.999,147.675,278.778,-277.776,-399.915,394.133,356.51,-387.507,2.16498e+06,7227.75,45.1579,1.23649e-14
175.182,-56.2027,-68.6895,-118.891,71.6802,58.859,-25.6544,-29.4029,10.2248,9.98126,-2.55869,-0.359293,-3.41352,1.02907,-2.91101,4.73006,-10.7461,6.23487,11.323,-14.4614,-28.2304,26.686,63.3452,-63.0415,-145.999,147.675,278.778,-277.776,-399.915,394.133,356.51,-387.507,2.16498e+06,7227.75,45.1579,1.23649e-14
174.978,-56.1388,-68.7965,-118.853,71.5812,58.8294,-25.6422,-29.3842,10.1936,9.91468,-2.44691,-0.296838,-3.37967,1.02458,-2.83862,4.78673,-10.7996,6.17517,11.2448,-14.4657,-28.178,26.5467,63.2668,-63.0489,-146.046,147.664,278.659,-277.661,-399.825,394.104,356.423,-387.306,2.16361e+06,7218.08,45.1579,1.23649e-14
174.893,-56.2134,-68.7479,-118.835,71.5775,58.777,-25.5303,-29.3254,10.2291,9.90132,-2.44399,-0.335102,-3.40462,0.964096,-2.75651,4.82649,-10.744,6.12721,11.165,-14.3456,-28.0421,26.4625,63.2685,-62.9956,-146.026,147.698,278.675,-277.621,-399.694,394.037,356.392,-387.185,2.16275e+06,7211.81,45.1579,1.23649e-14
174.859,-56.2062,-68.7377,-118.79,71.6249,58.885,-25.5944,-29.3157,10.0781,9.81237,-2.45331,-0.316078,-3.42532,0.925105,-2.65438,4.8539,-10.6666,6.04996,11.1662,-14.3117,-28.0413,26.5106,63.2271,-62.8986,-145.899,147.623,278.653,-277.565,-399.571,393.926,356.307,-387.098,2.16162e+06,7206.08,45.1579,1.23649e-14
174.775,-56.1362,-68.8165,-118.785,71.5695,58.8809,-25.6,-29.2898,10.1161,9.87078,-2.5152,-0.359321,-3.47078,0.908762,-2.61013,4.94934,-10.7062,6.07716,11.1196,-14.2399,-27.94,26.4393,63.2795,-62.932,-145.883,147.614,278.64,-277.545,-399.607,393.981,356.239,-387.001,2.16135e+06,7202.99,45.1579,1.23649e-14
174.826,-56.1218,-68.849,-118.796,71.3709,58.6701,-25.5657,-29.3202,10.2797,9.93795,-2.42227,-0.357147,-3.44036,0.886781,-2.52384,5.04341,-10.8186,6.06591,11.1581,-14.34,-27.9729,26.4342,63.2464,-62.915,-145.803,147.548,278.497,-277.357,-399.585,394.014,356.425,-387.165,2.16126e+06,7211.23,45.1579,1.23649e-14
174.682,-56.1402,-68.8016,-118.733,71.4461,58.7209,-25.5342,-29.3339,10.1951,9.79413,-2.32799,-0.328978,-3.35968,0.905815,-2.49309,5.03201,-10.826,6.0591,11.1986,-14.3994,-27.9913,26.4082,63.2188,-62.9606,-145.825,147.482,278.332,-277.268,-399.503,393.898,356.262,-386.962,2.1597e+06,7199.13,45.1579,1.23649e-14
174.576,-56.0717,-68.8974,-118.705,71.3131,58.6704,-25.5451,-29.2967,10.1931,9.82128,-2.30717,-0.279704,-3.32894,0.980959,-2.63896,4.96828,-10.9145,6.1375,11.1906,-14.4765,-28.0064,26.2961,63.1665,-63.0513,-145.903,147.438,278.083,-277.086,-399.465,393.861,356.249,-386.906,2.15865e+06,7196.76,45.1579,1.23649e-14
174.576,-56.0717,-68.8974,-118.705,71.3131,58.6704,-25.5451,-29.2967,10.1931,9.82128,-2.30717,-0.279704,-3.32894,0.980959,-2.63896,4.96828,-10.9145,6.1375,11.1906,-14.4765,-28.0064,26.2961,63.1665,-63.0513,-145.903,147.438,278.083,-277.086,-399.465,393.861,356.249,-386.906,2.15865e+06,7196.76,45.1579,1.23649e-14
174.576,-56.0717,-68.8974,-118.705,71.3131,58.6704,-25.5451,-29.2967,10.1931,9.82128,-2.30717,-0.279704,-3.32894,0.980959,-2.63896,4.96828,-10.9145,6.1375,11.1906,-14.4765,-28.0064,26.2961,63.1665,-63.0513,-145.903,147.438,278.083,-277.086,-399.465,393.861,356.249,-386.906,2.15865e+06,7196.76,45.1579,1.23649e-14
174.576,-56.0717,-68.8974,-118.705,71.3131,58.6704,-25.5451,-29.2967,10.1931,9.82128,-2.30717,-0.279704,-3.32894,0.980959,-2.63896,4.96828,-10.9145,6.1375,11.1906,-14.4765,-28.0064,26.2961,63.1665,-63.0513,-145.903,147.438,278.083,-277.086,-399.465,393.861,356.249,-386.906,2.15865e+06,7196.76,45.1579,1.23649e-14
174.576,-56.0717,-68.8974,-118.705,71.3131,58.6704,-25.5451,-29.2967,10.1931,9.82128,-2.30717,-0.279704,-3.32894,0.980959,-2.63896,4.96828,-10.9145,6.1375,11.1906,-14.4765,-28.0064,26.2961,63.1665,-63.0513,-145.903,147.438,278.083,-277.086,-399.465,393.861,356.249,-386.906,2.15865e+06,7196.76,45.1579,1.23649e-14
174.576,-56.0717,-68.8974,-118.705,71.3131,58.6704,-25.5451,-29.2967,10.1931,9.82128,-2.30717,-0.279704,-3.32894,0.980959,-2.63896,4.96828,-10.9145,6.1375,11.1906,-14.4765,-28.0064,26.2961,63.1665,-63.0513,-145.903,147.438,278.083,-277.086,-399.465,393.861,356.249,-386.906,2.15865e+06,7196.76,45.1579,1.23649e-14
174.519,-56.1465,-68.7994,-118.694,71.3935,58.6577,-25.4143,-29.2476,10.141,9.70264,-2.23939,-0.267461,-3.29734,0.959591,-2.63569,4.90727,-10.8188,6.13513,11.2509,-14.441,-28.0387,26.4436,63.2678,-63.0289,-145.781,147.426,278.103,-277.028,-399.229,393.675,356.097,-386.697,2.15701e+06,7189.62,45.1579,1.23649e-14
174.504,-56.1754,-68.6941,-118.61,71.3166,58.5938,-25.4006,-29.1853,10.1308,9.76508,-2.34119,-0.29075,-3.3685,0.950644,-2.62006,4.94516,-10.8227,6.089,11.2097,-14.4217,-28.0835,26.5033,63.2616,-62.9659,-145.748,147.475,278.118,-276.966,-398.909,393.398,355.961,-386.548,2.15514e+06,7184.18,45.1579,1.23649e-14
174.504,-56.1754,-68.6941,-118.61,71.3166,58.5938,-25.4006,-29.1853,10.1308,9.76508,-2.34119,-0.29075,-3.3685,0.950644,-2.62006,4.94516,-10.8227,6.089,11.2097,-14.4217,-28.0835,26.5033,63.2616,-62.9659,-145.748,147.475,278.118,-276.966,-398.909,393.398,355.961,-386.548,2.15514e+06,7184.18,45.1579,1.23649e-14
174.504,-56.1754,-68.6941,-118.61,71.3166,58.5938,-25.4006,-29.1853,10.1308,9.76508,-2.34119,-0.29075,-3.3685,0.950644,-2.62006,4.94516,-10.8227,6.089,11.2097,-14.4217,-28.0835,26.5033,63.2616,-62.9659,-145.748,147.475,278.118,-276.966,-398.909,393.398,355.961,-386.548,2.15514e+06,7184.18,45.1579,1.23649e-14
174.504,-56.1754,-68.6941,-118.61,71.3166,58.5938,-25.4006,-29.1853,10.1308,9.76508,-2.34119,-0.29075,-3.3685,0.950644,-2.62006,4.94516,-10.8227,6.089,11.2097,-14.4217,-28.0835,26.5033,63.2616,-62.9659,-145.748,147.475,278.118,-276.966,-398.909,393.398,355.961,-386.548,2.15514e+06,7184.18,45.1579,1.23649e-14
174.504,-56.1754,-68.6941,-118.61,71.3166,58.5938,-25.4006,-29.1853,10.1308,9.76508,-2.34119,-0.29075,-3.3685,0.950644,-2.62006,4.94516,-10.8227,6.089,11.2097,-14.4217,-28.0835,26.5033,63.2616,-62.9659,-145.748,147.475,278.118,-276.966,-398.909,393.398,355.961,-386.548,2.15514e+06,7184.18,45.1579,1.23649e-14
174.484,-56.1649,-68.7044,-118.627,71.3445,58.6004,-25.3824,-29.1955,10.1257,9.73401,-2.34454,-0.305274,-3.30743,1.0269,-2.62441,4.98767,-10.8957,6.09168,11.1713,-14.4185,-28.0641,26.4699,63.2594,-62.9653,-145.738,147.47,278.092,-276.933,-398.837,393.334,355.899,-386.475,2.15452e+06,7183.03,45.1579,1.23649e-14
174.484,-56.1649,-68.7044,-118.627,71.3445,58.6004,-25.3824,-29.1955,10.1257,9.73401,-2.34454,-0.305274,-3.30743,1.0269,-2.62441,4.98767,-10.8957,6.09168,11.1713,-14.4185,-28.0641,26.4699,63.2594,-62.9653,-145.738,147.47,278.092,-276.933,-398.837,393.334,355.899,-386.475,2.15452e+06,7183.03,45.1579,1.23649e-14
174.279,-56.1009,-68.8115,-118.588,71.2455,58.5708,-25.3703,-29.1767,10.0946,9.66743,-2.23276,-0.242819,-3.27358,1.02241,-2.55201,5.04434,-10.9492,6.03198,11.0931,-14.4228,-28.0116,26.3306,63.1811,-62.9727,-145.785,147.458,277.972,-276.818,-398.747,393.306,355.811,-386.274,2.15316e+06,7173.39,45.1579,1.23649e-14
